1
2
3
4
5
6
7
8
9
10
11
12
13
14
15
16
17
18
19
20
21
22
23
24
25
26
27
28
29
30
31
32
33
34
35
36
37
38
39
40
41
42
43
44
45
46
47
48
49
50
51
52
53
54
55
56
57
58
59
60
61
62
63
64
65
66
67
68
69
70
71
72
73
74
75
76
77
78
79
80
81
82
83
84
85
86
87
88
89
90
91
92
93
94
95
96
97
98
99
100
101
102
103
104
105
106
107
108
109
110
111
112
113
114
115
116
117
118
119
120
121
122
123
124
125
126
127
128
129
130
131
132
133
134
135
136
137
138
139
140
141
142
143
144
145
146
147
148
149
150
151
152
153
154
155
156
157
158
159
160
161
162
163
164
165
166
167
168
169
170
171
172
173
174
175
176
177
178
179
180
181
182
183
184
185
186
187
188
189
190
191
192
193
194
195
196
197
198
199
200
201
202
203
204
205
206
207
208
209
210
211
212
213
214
215
216
217
218
219
220
221
222
223
224
225
226
227
228
229
230
231
232
233
234
235
236
237
238
239
240
241
242
243
244
245
246
247
248
249
250
251
252
253
254
255
256
257
258
259
260
261
262
263
264
265
266
267
268
269
270
271
272
273
274
275
276
277
278
279
280
281
282
283
284
285
286
287
288
289
290
291
292
293
294
295
296
297
298
299
300
301
302
303
304
305
306
307
308
309
310
311
312
313
314
315
316
317
318
319
320
321
322
323
324
325
326
327
328
329
330
331
332
333
334
335
336
337
338
339
340
341
342
343
344
345
346
347
348
349
350
351
352
353
354
355
356
357
358
359
360
361
362
363
364
365
366
367
368
369
370
371
372
373
374
375
376
377
378
379
380
381
382
383
384
385
386
387
388
389
390
391
392
393
394
395
396
397
398
399
400
401
402
403
404
405
406
407
408
409
410
411
412
413
414
415
416
417
418
419
420
421
422
423
424
425
426
427
428
429
430
431
432
433
434
435
436
437
438
439
440
441
442
443
444
445
446
447
448
449
450
451
452
453
454
455
456
457
458
459
460
461
462
463
464
465
466
467
468
469
470
471
472
473
474
475
476
477
478
479
480
481
482
483
484
485
486
487
488
489
490
491
492
493
494
495
496
497
498
499
500
501
502
503
504
505
506
507
508
509
510
511
512
513
514
515
516
517
518
519
520
521
522
523
524
525
526
527
528
529
530
531
532
533
534
535
536
537
538
539
540
541
542
543
544
545
546
547
548
549
550
551
552
553
554
555
556
557
558
559
560
561
562
563
564
565
566
567
568
569
570
571
572
573
574
575
576
577
578
579
580
581
582
583
584
585
586
587
588
589
590
591
592
593
594
595
596
597
598
599
600
601
602
603
604
605
606
607
608
609
610
611
612
613
614
615
616
617
618
619
620
621
622
623
624
625
626
627
628
629
630
631
632
633
634
635
636
637
638
639
640
641
642
643
644
645
646
647
648
649
650
651
652
653
654
655
656
657
658
659
660
661
662
663
664
665
666
667
668
669
670
671
672
673
674
675
676
677
678
679
680
681
682
683
684
685
686
687
688
689
690
691
692
693
694
695
696
697
698
699
700
701
702
703
704
705
706
707
708
709
710
711
712
713
714
715
716
717
718
719
720
721
722
723
724
725
726
727
728
729
730
731
732
733
734
735
736
737
738
739
740
741
742
743
744
745
746
747
748
749
750
751
752
753
754
755
756
757
758
759
760
761
762
763
764
765
766
767
768
769
770
771
772
773
774
775
776
777
778
779
780
781
782
783
784
785
786
787
788
789
790
791
792
793
794
795
796
797
798
799
800
801
802
803
804
805
806
807
808
809
810
811
812
813
814
815
816
817
818
819
820
821
822
823
824
825
826
827
828
829
830
831
832
833
834
835
836
837
838
839
840
841
842
843
844
845
846
847
848
849
850
851
852
853
854
855
856
857
858
859
860
861
862
863
864
865
866
867
868
869
870
871
872
873
874
875
876
877
878
879
880
881
882
883
884
885
886
887
888
889
890
891
892
893
894
895
896
897
898
899
900
901
902
903
904
905
906
907
908
909
910
911
912
913
914
915
916
917
918
919
920
921
922
923
924
925
926
927
928
929
930
931
932
933
934
935
936
937
938
939
940
941
942
943
944
945
946
947
948
949
950
951
952
953
954
955
956
957
958
959
960
961
962
963
964
965
966
967
968
969
970
971
972
973
974
975
976
977
978
979
980
981
982
983
984
985
986
987
988
989
990
991
992
993
994
995
996
997
998
999
1000
1001
1002
1003
1004
1005
1006
1007
1008
1009
1010
1011
1012
1013
1014
1015
1016
1017
1018
1019
1020
1021
1022
1023
1024
1025
1026
1027
1028
1029
1030
1031
1032
1033
1034
1035
1036
1037
1038
1039
1040
1041
1042
1043
1044
1045
1046
1047
1048
1049
1050
1051
1052
1053
1054
1055
1056
1057
1058
1059
1060
1061
1062
1063
1064
1065
1066
1067
1068
1069
1070
1071
1072
1073
1074
1075
1076
1077
1078
1079
1080
1081
1082
1083
1084
1085
1086
1087
1088
1089
1090
1091
1092
1093
1094
1095
1096
1097
1098
1099
1100
1101
1102
1103
1104
1105
1106
1107
1108
1109
1110
1111
1112
1113
1114
1115
1116
1117
1118
1119
1120
1121
1122
1123
1124
1125
1126
1127
1128
1129
1130
1131
1132
1133
1134
1135
1136
1137
1138
1139
1140
1141
1142
1143
1144
1145
1146
1147
1148
1149
1150
1151
1152
1153
1154
1155
1156
1157
1158
1159
1160
1161
1162
1163
1164
1165
1166
1167
1168
1169
1170
1171
1172
1173
1174
1175
1176
1177
1178
1179
1180
1181
1182
1183
1184
1185
1186
1187
1188
1189
1190
1191
1192
1193
1194
1195
1196
1197
1198
1199
1200
1201
1202
1203
1204
1205
1206
1207
1208
1209
1210
1211
1212
1213
1214
1215
1216
1217
1218
1219
1220
1221
1222
1223
1224
1225
1226
1227
1228
1229
1230
1231
1232
1233
1234
1235
1236
1237
1238
1239
1240
1241
1242
1243
1244
1245
1246
1247
1248
1249
1250
1251
1252
1253
1254
1255
1256
1257
1258
1259
1260
1261
1262
1263
1264
1265
1266
1267
1268
1269
1270
1271
1272
1273
1274
1275
1276
1277
1278
1279
1280
1281
1282
1283
1284
1285
1286
1287
1288
1289
1290
1291
1292
1293
1294
1295
1296
1297
1298
1299
1300
1301
1302
1303
1304
1305
1306
1307
1308
1309
1310
1311
1312
1313
1314
1315
1316
1317
1318
1319
1320
1321
1322
1323
1324
1325
1326
1327
1328
1329
1330
1331
1332
1333
1334
1335
1336
1337
1338
1339
1340
1341
1342
1343
1344
1345
1346
1347
1348
1349
1350
1351
1352
1353
1354
1355
1356
1357
1358
1359
1360
1361
1362
1363
1364
1365
1366
1367
1368
1369
1370
1371
1372
1373
1374
1375
1376
1377
1378
1379
1380
1381
1382
1383
1384
1385
1386
1387
1388
1389
1390
1391
1392
1393
1394
1395
1396
1397
1398
1399
1400
1401
1402
1403
1404
1405
1406
1407
1408
1409
1410
1411
1412
1413
1414
1415
1416
1417
1418
1419
1420
1421
1422
1423
1424
1425
1426
1427
1428
1429
1430
1431
1432
1433
1434
1435
1436
1437
1438
1439
1440
1441
1442
1443
1444
1445
1446
1447
1448
1449
1450
1451
1452
1453
1454
1455
1456
1457
1458
1459
1460
1461
1462
1463
1464
1465
1466
1467
1468
1469
1470
1471
1472
1473
1474
1475
1476
1477
1478
1479
1480
1481
1482
1483
1484
1485
1486
1487
1488
1489
1490
1491
1492
1493
1494
1495
1496
1497
1498
1499
1500
1501
1502
1503
1504
1505
1506
1507
1508
1509
1510
1511
1512
1513
1514
1515
1516
1517
1518
1519
1520
1521
1522
1523
1524
1525
1526
1527
1528
1529
1530
1531
1532
1533
1534
1535
1536
1537
1538
1539
1540
1541
1542
1543
1544
1545
1546
1547
1548
1549
1550
1551
1552
1553
1554
1555
1556
1557
1558
1559
1560
1561
1562
1563
1564
1565
1566
1567
1568
1569
1570
1571
1572
1573
1574
1575
1576
1577
1578
1579
1580
1581
1582
1583
1584
1585
1586
1587
1588
1589
1590
1591
1592
1593
1594
1595
1596
1597
1598
1599
1600
1601
1602
1603
1604
1605
1606
1607
1608
1609
1610
1611
1612
1613
1614
1615
1616
1617
1618
1619
1620
1621
1622
1623
1624
1625
1626
1627
1628
1629
1630
1631
1632
1633
1634
1635
1636
1637
1638
1639
1640
1641
1642
1643
1644
1645
1646
1647
1648
1649
1650
1651
1652
1653
1654
1655
1656
1657
1658
1659
1660
1661
1662
1663
1664
1665
1666
1667
1668
1669
1670
1671
1672
1673
1674
1675
1676
1677
1678
1679
1680
1681
1682
1683
1684
1685
1686
1687
1688
1689
1690
1691
1692
1693
1694
1695
1696
1697
1698
1699
1700
1701
1702
1703
1704
1705
1706
1707
1708
1709
1710
1711
1712
1713
1714
1715
1716
1717
1718
1719
1720
1721
1722
1723
1724
1725
1726
1727
1728
1729
1730
1731
1732
1733
1734
1735
1736
1737
1738
1739
1740
1741
1742
1743
1744
1745
1746
1747
1748
1749
1750
1751
1752
1753
1754
1755
1756
1757
1758
1759
1760
1761
1762
1763
1764
1765
1766
1767
1768
1769
1770
1771
1772
1773
1774
1775
1776
1777
1778
1779
1780
1781
1782
1783
1784
1785
1786
1787
1788
1789
1790
1791
1792
1793
1794
1795
1796
1797
1798
1799
1800
1801
1802
1803
1804
1805
1806
1807
1808
1809
1810
1811
1812
1813
1814
1815
1816
1817
1818
1819
1820
1821
1822
1823
1824
1825
1826
1827
1828
1829
1830
1831
1832
1833
1834
1835
1836
1837
1838
1839
1840
1841
1842
1843
1844
1845
1846
1847
1848
1849
1850
1851
1852
1853
1854
1855
1856
1857
1858
1859
1860
1861
1862
1863
1864
1865
1866
1867
1868
1869
1870
1871
1872
1873
1874
1875
1876
1877
1878
1879
1880
1881
1882
1883
1884
1885
1886
1887
1888
1889
1890
1891
1892
1893
1894
1895
1896
1897
1898
1899
1900
1901
1902
1903
1904
1905
1906
1907
1908
1909
1910
1911
1912
1913
1914
1915
1916
1917
1918
1919
1920
1921
1922
1923
1924
1925
1926
1927
1928
1929
1930
1931
1932
1933
1934
1935
1936
1937
1938
1939
1940
1941
1942
1943
1944
1945
1946
1947
1948
1949
1950
1951
1952
1953
1954
1955
1956
1957
1958
1959
1960
1961
1962
1963
1964
1965
1966
1967
1968
1969
1970
1971
1972
1973
1974
1975
1976
1977
1978
1979
1980
1981
1982
1983
1984
1985
1986
1987
1988
1989
1990
1991
1992
1993
1994
1995
1996
1997
1998
1999
2000
2001
2002
2003
2004
2005
2006
2007
2008
2009
2010
2011
2012
2013
2014
2015
2016
2017
2018
2019
2020
2021
2022
2023
2024
2025
2026
2027
2028
2029
2030
2031
2032
2033
2034
2035
2036
2037
2038
2039
2040
2041
2042
2043
2044
2045
2046
2047
2048
2049
2050
2051
2052
2053
2054
2055
2056
2057
2058
2059
2060
2061
2062
2063
2064
2065
2066
2067
2068
2069
2070
2071
2072
2073
2074
2075
2076
2077
2078
2079
2080
2081
2082
2083
2084
2085
2086
2087
2088
2089
2090
2091
2092
2093
2094
2095
2096
2097
2098
2099
2100
2101
2102
2103
2104
2105
2106
2107
2108
2109
2110
2111
2112
2113
2114
2115
2116
2117
2118
2119
2120
2121
2122
2123
2124
2125
2126
2127
2128
2129
2130
2131
2132
2133
2134
2135
2136
2137
2138
2139
2140
2141
2142
2143
2144
2145
2146
2147
2148
2149
2150
2151
2152
2153
2154
2155
2156
2157
2158
2159
2160
2161
2162
2163
2164
2165
2166
2167
2168
2169
2170
2171
2172
2173
2174
2175
2176
2177
2178
2179
2180
2181
2182
2183
2184
2185
2186
2187
2188
2189
2190
2191
2192
2193
2194
2195
2196
2197
2198
2199
2200
2201
2202
2203
2204
2205
2206
2207
2208
2209
2210
2211
2212
2213
2214
2215
2216
2217
2218
2219
2220
2221
2222
2223
2224
2225
2226
2227
2228
2229
2230
2231
2232
2233
2234
2235
2236
2237
2238
2239
2240
2241
2242
2243
2244
2245
2246
2247
2248
2249
2250
2251
2252
2253
2254
2255
2256
2257
2258
2259
2260
2261
2262
2263
2264
2265
2266
2267
2268
2269
2270
2271
2272
2273
2274
2275
2276
2277
2278
2279
2280
2281
2282
2283
2284
2285
2286
2287
2288
2289
2290
2291
2292
2293
2294
2295
2296
2297
2298
2299
2300
2301
2302
2303
2304
2305
2306
2307
2308
2309
2310
2311
2312
2313
2314
2315
2316
2317
2318
2319
2320
2321
2322
2323
2324
2325
2326
2327
2328
2329
2330
2331
2332
2333
2334
2335
2336
2337
2338
2339
2340
2341
2342
2343
2344
2345
2346
2347
2348
2349
2350
2351
2352
2353
2354
2355
2356
2357
2358
2359
2360
2361
2362
2363
2364
2365
2366
2367
2368
2369
2370
2371
2372
2373
2374
2375
2376
2377
2378
2379
2380
2381
2382
2383
2384
2385
2386
2387
2388
2389
2390
2391
2392
2393
2394
2395
2396
2397
2398
2399
2400
2401
2402
2403
2404
2405
2406
2407
2408
2409
2410
2411
2412
2413
2414
2415
2416
2417
2418
2419
2420
2421
2422
2423
2424
2425
2426
2427
2428
2429
2430
2431
2432
2433
2434
2435
2436
2437
2438
2439
2440
2441
2442
2443
2444
2445
2446
2447
2448
2449
2450
2451
2452
2453
2454
2455
2456
2457
2458
2459
2460
2461
2462
2463
2464
2465
2466
2467
2468
2469
2470
2471
2472
2473
2474
2475
2476
2477
2478
2479
2480
2481
2482
2483
2484
2485
2486
2487
2488
2489
2490
2491
2492
2493
2494
2495
2496
2497
2498
2499
2500
2501
2502
2503
2504
2505
2506
2507
2508
2509
2510
2511
2512
2513
2514
2515
2516
2517
2518
2519
2520
2521
2522
2523
2524
2525
2526
2527
2528
2529
2530
2531
2532
2533
2534
2535
2536
2537
2538
2539
2540
2541
2542
2543
2544
2545
2546
2547
2548
2549
2550
2551
2552
2553
2554
2555
2556
2557
2558
2559
2560
2561
2562
2563
2564
2565
2566
2567
2568
2569
2570
2571
2572
2573
2574
2575
2576
2577
2578
2579
2580
2581
2582
2583
2584
2585
2586
2587
2588
2589
2590
2591
2592
2593
2594
2595
2596
2597
2598
2599
2600
2601
2602
2603
2604
2605
2606
2607
2608
2609
2610
2611
2612
2613
2614
2615
2616
2617
2618
2619
2620
2621
2622
2623
2624
2625
2626
2627
2628
2629
2630
2631
2632
2633
2634
2635
2636
2637
2638
2639
2640
2641
2642
2643
2644
2645
2646
2647
2648
2649
2650
2651
2652
2653
2654
2655
2656
2657
2658
2659
2660
2661
2662
2663
2664
2665
2666
2667
2668
2669
2670
2671
2672
2673
2674
2675
2676
2677
2678
2679
2680
2681
2682
2683
2684
2685
2686
2687
2688
2689
2690
2691
2692
2693
2694
2695
2696
2697
2698
2699
2700
2701
2702
2703
2704
2705
2706
2707
2708
2709
2710
2711
2712
2713
2714
2715
2716
2717
2718
2719
2720
2721
2722
2723
2724
2725
2726
2727
2728
2729
2730
2731
2732
2733
2734
2735
2736
2737
2738
2739
2740
2741
2742
2743
2744
2745
2746
2747
2748
2749
2750
2751
2752
2753
2754
2755
2756
2757
2758
2759
2760
2761
2762
2763
2764
2765
2766
2767
2768
2769
2770
2771
2772
2773
2774
2775
2776
2777
2778
2779
2780
2781
2782
2783
2784
2785
2786
2787
2788
2789
2790
2791
2792
2793
2794
2795
2796
2797
2798
2799
2800
2801
2802
2803
2804
2805
2806
2807
2808
2809
2810
2811
2812
2813
2814
2815
2816
2817
2818
2819
2820
2821
2822
2823
2824
2825
2826
2827
2828
2829
2830
2831
2832
2833
2834
2835
2836
2837
2838
2839
2840
2841
2842
2843
2844
2845
2846
2847
2848
2849
2850
2851
2852
2853
2854
2855
2856
2857
2858
2859
2860
2861
2862
2863
2864
2865
2866
2867
2868
2869
2870
2871
2872
2873
2874
2875
2876
2877
2878
2879
2880
2881
2882
2883
2884
2885
2886
2887
2888
2889
2890
2891
2892
2893
2894
2895
2896
2897
2898
2899
2900
2901
2902
2903
2904
2905
2906
2907
2908
2909
2910
2911
2912
2913
2914
2915
2916
2917
2918
2919
2920
2921
2922
2923
2924
2925
2926
2927
2928
2929
2930
2931
2932
2933
2934
2935
2936
2937
2938
2939
2940
2941
2942
2943
2944
2945
2946
2947
2948
2949
2950
2951
2952
2953
2954
2955
2956
2957
2958
2959
2960
2961
2962
2963
2964
2965
2966
2967
2968
2969
2970
2971
2972
2973
2974
2975
2976
2977
2978
2979
2980
2981
2982
2983
2984
2985
2986
2987
2988
2989
2990
2991
2992
2993
2994
2995
2996
2997
2998
2999
3000
3001
3002
3003
3004
3005
3006
3007
3008
3009
3010
3011
3012
3013
3014
3015
3016
3017
3018
3019
3020
3021
3022
3023
3024
3025
3026
3027
3028
3029
3030
3031
3032
3033
3034
3035
3036
3037
3038
3039
3040
3041
3042
3043
3044
3045
3046
3047
3048
3049
3050
3051
3052
3053
3054
3055
3056
3057
3058
3059
3060
3061
3062
3063
3064
3065
3066
3067
3068
3069
3070
3071
3072
3073
3074
3075
3076
3077
3078
3079
3080
3081
3082
3083
3084
3085
3086
3087
3088
3089
3090
3091
3092
3093
3094
3095
3096
3097
3098
3099
3100
3101
3102
3103
3104
3105
3106
3107
3108
3109
3110
3111
3112
3113
3114
3115
3116
3117
3118
3119
3120
3121
3122
3123
3124
3125
3126
3127
3128
3129
3130
3131
3132
3133
3134
3135
3136
3137
3138
3139
3140
3141
3142
3143
3144
3145
3146
3147
3148
3149
3150
3151
3152
3153
3154
3155
3156
3157
3158
3159
3160
3161
3162
3163
3164
3165
3166
3167
3168
3169
3170
3171
3172
3173
3174
3175
3176
3177
3178
3179
3180
3181
3182
3183
3184
3185
3186
3187
3188
3189
3190
3191
3192
3193
3194
3195
3196
3197
3198
3199
3200
3201
3202
3203
3204
3205
3206
3207
3208
3209
3210
3211
3212
3213
3214
3215
3216
3217
3218
3219
3220
3221
3222
3223
3224
3225
3226
3227
3228
3229
3230
3231
3232
3233
3234
3235
3236
3237
3238
3239
3240
3241
3242
3243
3244
3245
3246
3247
3248
3249
3250
3251
3252
3253
3254
3255
3256
3257
3258
3259
3260
3261
3262
3263
3264
3265
3266
3267
3268
3269
3270
3271
3272
3273
3274
3275
3276
3277
3278
3279
3280
3281
3282
3283
3284
3285
3286
3287
3288
3289
3290
3291
3292
3293
3294
3295
3296
3297
3298
3299
3300
3301
3302
3303
3304
3305
3306
3307
3308
3309
3310
3311
3312
3313
3314
3315
3316
3317
3318
3319
3320
3321
3322
3323
3324
3325
3326
3327
3328
3329
3330
3331
3332
3333
3334
3335
3336
3337
3338
3339
3340
3341
3342
3343
3344
3345
3346
3347
3348
3349
3350
3351
3352
3353
3354
3355
3356
3357
3358
3359
3360
3361
3362
3363
3364
3365
3366
3367
3368
3369
3370
3371
3372
3373
3374
3375
3376
3377
3378
3379
3380
3381
3382
3383
3384
3385
3386
3387
3388
3389
3390
3391
3392
3393
3394
3395
3396
3397
3398
3399
3400
3401
3402
3403
3404
3405
3406
3407
3408
3409
3410
3411
3412
3413
3414
3415
3416
3417
3418
3419
3420
3421
3422
3423
3424
3425
3426
3427
3428
3429
3430
3431
3432
3433
3434
3435
3436
3437
3438
3439
3440
3441
3442
3443
3444
3445
3446
3447
3448
3449
3450
3451
3452
3453
3454
3455
3456
3457
3458
3459
3460
3461
3462
3463
3464
3465
3466
3467
3468
3469
3470
3471
3472
3473
3474
3475
3476
3477
3478
3479
3480
3481
3482
3483
3484
3485
3486
3487
3488
3489
3490
3491
3492
3493
3494
3495
3496
3497
3498
3499
3500
3501
3502
3503
3504
3505
3506
3507
3508
3509
3510
3511
3512
3513
3514
3515
3516
3517
3518
3519
3520
3521
3522
3523
3524
3525
3526
3527
3528
3529
3530
3531
3532
3533
3534
3535
3536
3537
3538
3539
3540
3541
3542
3543
3544
3545
3546
3547
3548
3549
3550
3551
3552
3553
3554
3555
3556
3557
3558
3559
3560
3561
3562
3563
3564
3565
3566
3567
3568
3569
3570
3571
3572
3573
3574
3575
3576
3577
3578
3579
3580
3581
3582
3583
3584
3585
3586
3587
3588
3589
3590
3591
3592
3593
3594
3595
3596
3597
3598
3599
3600
3601
3602
3603
3604
3605
3606
3607
3608
3609
3610
3611
3612
3613
3614
3615
3616
3617
3618
3619
3620
3621
3622
3623
3624
3625
3626
3627
3628
3629
3630
3631
3632
3633
3634
3635
3636
3637
3638
3639
3640
3641
3642
3643
3644
3645
3646
3647
3648
3649
3650
3651
3652
3653
3654
3655
3656
3657
3658
3659
3660
3661
3662
3663
3664
3665
3666
3667
3668
3669
3670
3671
3672
3673
3674
3675
3676
3677
3678
3679
3680
3681
3682
3683
3684
3685
3686
3687
3688
3689
3690
3691
3692
3693
3694
3695
3696
3697
3698
3699
3700
3701
3702
3703
3704
3705
3706
3707
3708
3709
3710
3711
3712
3713
3714
3715
3716
3717
3718
3719
3720
3721
3722
3723
3724
3725
3726
3727
3728
3729
3730
3731
3732
3733
3734
3735
3736
3737
3738
3739
3740
3741
3742
3743
3744
3745
3746
3747
3748
3749
3750
3751
3752
3753
3754
3755
3758
3759
3760
3761
3762
3763
3764
3765
3766
3767
3768
3769
3770
3771
3772
3773
3774
3775
3776
3777
3778
3779
3780
3781
3782
3783
3784
3785
3786
3787
3788
3789
3790
3791
3792
3793
3794
3795
3796
3797
3798
3799
3800
3801
3802
3803
3804
3805
3806
3807
3808
3809
3810
3811
3812
3813
3814
3815
3816
3817
3818
3819
3820
3821
3822
3823
3824
3825
3826
3827
3828
3829
3830
3831
3832
3833
3834
3835
3836
3837
3838
3839
3840
3841
3842
3843
3844
3845
3846
3847
3848
3849
3850
3851
3852
3853
3854
3855
3856
3857
3858
3859
3860
3861
3862
3863
3864
3865
3866
3867
3868
3869
3870
3871
3872
3873
3874
3875
3876
3877
3878
3879
3880
3881
3882
3883
3884
3885
3886
3887
3888
3889
3890
3891
3892
3893
3894
3895
3896
3897
3898
3899
3900
3901
3902
3903
3904
3905
3906
3907
3908
3909
3910
3911
3912
3913
3914
3915
3916
3917
3918
3919
3920
3921
3922
3923
3924
3925
3926
3927
3928
3929
3930
3931
3932
3933
3934
3935
3936
3937
3938
3939
3940
3941
3942
3943
3944
3945
3946
3947
3948
3949
3950
3951
3952
3953
3954
3955
3956
3957
3958
3959
3960
3961
3962
3963
3964
3965
3966
3967
3968
3969
3970
3971
3972
3973
3974
3975
3976
3977
3978
3979
3980
3981
3982
3983
3984
3985
3986
3987
3988
3989
3990
3991
3992
3993
3994
3995
3996
3997
3998
3999
4000
4001
4002
4003
4004
4005
4006
4007
4008
4009
4010
4011
4012
4013
4014
4015
4016
4017
4018
4019
4020
4021
4022
4023
4024
4025
4026
4027
4028
4029
4030
4031
4032
4033
4034
4035
4036
4037
4038
4039
4040
4041
4042
4043
4044
4045
4046
4047
4048
4049
4050
4051
4052
4053
4054
4055
4056
4057
4058
4059
4060
4061
4062
4063
4064
4065
4066
4067
4068
4069
4070
4071
4072
4073
4074
4075
4076
4077
4078
4079
4080
4081
4082
4083
4084
4085
4086
4087
4088
4089
4090
4091
4092
4093
4094
4095
4096
4097
4098
4099
4100
4101
4102
4103
4104
4105
4106
4107
4108
4109
4110
4111
4112
4113
4114
4115
4116
4117
4118
4119
4120
4121
4122
4123
4124
4125
4126
4127
4128
4129
4130
4131
4132
4133
4134
4135
4136
4137
4138
4139
4140
4141
4142
4143
4144
4145
4146
4147
4148
4149
4150
4151
4152
4153
4154
4155
4156
4157
4158
4159
4160
4161
4162
4163
4164
4165
4166
4167
4168
4169
4170
4171
4172
4173
4174
4175
4176
4177
4178
4179
4180
4181
4182
4183
4184
4185
4186
4187
4188
4189
4190
4191
4192
4193
4194
4195
4196
4197
4198
4199
4200
4201
4202
4203
4204
4205
4206
4207
4208
4209
4210
4211
4212
4213
4214
4215
4216
4217
4218
4219
4220
4221
4222
4223
4224
4225
4226
4227
4228
4229
4230
4231
4232
4233
4234
4235
4236
4237
4238
4239
4240
4241
4242
4243
4244
4245
4246
4247
4248
4249
4250
4251
4252
4253
4254
4255
4256
4257
4258
4259
4260
4261
4262
4263
4264
4265
4266
4267
4268
4269
4270
4271
4272
4273
4274
4275
4276
4277
4278
4279
4280
4281
4282
4283
4284
4285
4286
4287
4288
4289
4290
4291
4292
4293
4294
4295
4296
4297
4298
4299
4300
4301
4302
4303
4304
4305
4306
4307
4308
4309
4310
4311
4313
4314
4315
4316
4317
4318
4319
4320
4321
4322
4323
4324
4325
4326
4327
4328
4329
4330
4331
4332
4333
4334
4335
4336
4337
4338
4339
4340
4341
4342
4343
4344
4345
4346
4347
4348
4349
4350
4351
4352
4353
4354
4355
4356
4357
4358
4359
4360
4361
4362
4363
4364
4365
4366
4367
4368
4369
4370
4371
4372
4373
4374
4375
4376
4377
4378
4379
4380
4381
4382
4383
4384
4385
4386
4387
4388
4389
4390
4391
4392
4393
4394
4395
4396
4397
4398
4399
4400
4401
4402
4403
4404
4405
4406
4407
4408
4409
4410
4411
4412
4413
4414
4415
4416
4417
4418
4419
4420
4421
4422
4423
4424
4425
4426
4427
4428
4429
4430
4431
4432
4433
4434
4435
4436
4437
4438
4439
4440
4441
4442
4443
4444
4445
4446
4447
4448
4449
4450
4451
4452
4453
4454
4455
4456
4457
4458
4459
4460
4461
4462
4463
4464
4465
4466
4467
4468
4469
4470
4471
4472
4473
4474
4475
4476
4477
4478
4479
4480
4481
4482
4483
4484
4485
4486
4487
4488
4489
4490
4491
4492
4493
4494
4495
4496
4497
4498
4499
4500
4501
4502
4503
4504
4505
4506
4507
4508
4509
4510
4511
4512
4513
4514
4515
4516
4517
4518
4519
4520
4521
4522
4523
4524
4525
4526
4527
4528
4529
4530
4531
4532
4533
4534
4535
4536
4537
4538
4539
4540
4541
4542
4543
4544
4545
4546
4547
4548
4549
4550
4551
4552
4553
4554
4555
4556
4557
4558
4559
4560
4561
4562
4563
4564
4565
4566
4567
4568
4569
4570
4571
4572
4573
4574
4575
4576
4577
4578
4579
4580
4581
4582
4583
4584
4585
4586
4587
4588
4589
4590
4591
4592
4593
4594
4595
4596
4597
4598
4599
4600
4601
4602
4603
4604
4605
4606
4607
4608
4609
4610
4611
4612
4613
4614
4615
4616
4617
4618
4619
4620
4621
4622
4623
4624
4625
4626
4627
4628
4629
4630
4631
4632
4633
4634
4635
4636
4637
4638
4639
4640
4641
4642
4643
4644
4645
4646
4647
4648
4649
4650
4651
4652
4653
4654
4655
4656
4657
4658
4659
4660
4661
4662
4663
4664
4665
4666
4667
4668
4670
4671
4672
4673
4674
4675
4676
4677
4678
4679
4680
4681
4682
4683
4684
4685
4686
4687
4688
4689
4690
4691
4692
4693
4695
4696
4697
4698
4699
4700
4701
4702
4703
4704
4705
4706
4707
4708
4709
4710
4711
4712
4713
4714
4716
4717
4718
4720
4721
4722
4723
4724
4725
4726
4727
4728
4729
4730
4732
4733
4734
4735
4736
4737
4738
4739
4740
4741
4742
4743
4744
4745
4746
4747
4748
4749
4750
4751
4752
4753
4754
4755
4756
4757
4758
4759
4760
4761
4762
4763
4764
4765
4766
4767
4768
4769
4770
4771
4772
4773
4774
4775
4776
4777
4778
4779
4780
4781
4782
4783
4784
4785
4786
4787
4788
4789
4790
4791
4792
4793
4794
4795
4796
4797
4798
4799
4800
4801
4802
4803
4804
4805
4806
4807
4808
4809
4810
4811
4813
4814
4816
4817
4818
4819
4820
4821
4822
4823
4824
4825
4826
4827
4828
4829
4830
4831
4832
4833
4834
4835
4836
4837
4838
4839
4840
4841
4842
4843
4846
4847
4848
4849
4850
4851
4852
4853
4854
4855
4856
4857
4858
4859
4861
4862
4863
4864
4865
4866
4867
4868
4869
4870
4871
4872
4873
4874
4875
4876
4877
4878
4879
4881
4882
4883
4884
4886
4887
4888
4889
4890
4891
4892
4893
4894
4895
4896
4897
4898
4899
4900
4901
4902
4903
4904
4905
4906
4907
4908
4909
4910
4911
4912
4913
4914
4915
4916
4917
4918
4919
4920
4921
4922
4923
4924
4925
4926
4927
4928
4929
4930
4931
4932
4933
4934
4935
4936
4937
4938
4939
4940
4941
4942
4943
4944
4945
4946
4947
4948
4949
4950
4951
4952
4953
4954
4955
4956
4957
4958
4959
4960
4961
4962
4963
4964
4965
4966
4967
4968
4969
4970
4971
4972
4979
4980
5101
5103
5106
5107
5109
5114
5116
5120
5122
5124
5125
5127
5128
5129
5131
5133
5134
5138
5139
5141
5143
5144
5147
5148
5149
5151
5154
5155
5156
5158
5162
5163
5164
5165
5166
5167
5170
5172
5173
5175
5177
5179
5180
5181
5184
5189
5190
5191
5192
5193
5194
5195
5196
5197
5199
5200
5201
5203
5204
5205
5209
5210
5211
5213
5214
5215
5217
5219
5220
5221
5222
5227
5228
5229
5231
5233
5234
5236
5241
5243
5245
5247
5249
5250
5252
5253
5254
5255
5257
5258
5261
5262
5263
5265
5267
5268
5272
5472
5541
5545
5552
5553
5556
5557
5559
5560
5562
5563
5564
5565
5566
5567
5569
5575
5577
5578
5584
5586
5588
5590
5591
5594
5596
5603
5605
5606
5607
5608
5612
5613
5614
5615
5617
5623
5626
5627
5632
5633
5636
5637
5638
5648
5650
5651
5652
5653
5654
5655
5656
5657
5660
5662
5663
5664
5665
5666
5668
5669
5670
5671
5672
5675
5678
5680
5683
5686
5687
5688
5689
5696
5697
5700
5702
5703
5705
5706
5707
5708
5709
5713
5717
5719
5720
5723
5724
5725
5727
5728
5729
5730
5733
5734
5735
5736
5737
5739
5742
5743
5745
5746
5750
5755
5756
5757
5760
5761
5764
5766
5770
5771
5772
5773
5776
5781
5782
5785
5786
5788
5789
5790
5793
5796
5798
5800
5804
5805
5807
5808
5809
5810
5811
5812
5813
5815
5817
5820
5822
5823
5829
5831
5833
5835
5836
5837
5838
5841
5849
5850
5851
5852
5853
5854
5860
5861
5862
5864
5865
5866
5867
6031
6032
6033
6034
6035
6037
6038
6039
6041
6042
6045
6047
6048
6049
6050
6052
6054
6057
6059
6060
6061
6062
6064
6065
6068
6070
6071
6072
6075
6079
6080
6081
6082
6083
6087
6089
6091
6094
6095
6098
6100
6105
6106
6109
6110
6112
6114
6117
6118
6120
6121
6128
6129
6134
6137
6139
6141
6143
6144
6146
6147
6149
6150
6151
6152
6154
6159
6162
6165
6168
6169
6491
6492
6493
6494
6495
6496
6497
6498
6499
6500
6501
6503
6505
6507
6508
6509
6510
6513
6514
6515
6517
6519
6520
6522
6523
6525
6527
6530
6531
6532
6535
6537
6538
6540
6541
6543
6544
6545
6547
6548
6549
6550
6553
6554
6556
6559
6560
6562
6564
6566
6567
6569
6570
6571
6573
6574
6575
6578
6581
6582
6583
6585
6586
6589
6590
6591
6593
6599
6601
6602
6603
6604
6605
6606
6607
6608
6611
6613
6615
6617
6619
6621
6623
6628
6629
6630
6631
6634
6637
6640
7168
7169
7247
8324
8325
8327
8328
8329
8330
8331
8332
8333
8337
8338
8339
8341
8380
8391
8392
8394
8395
8406
8410
8437
8445
8446
8447
8448
8786
8787
8801
8804
8805
8806
8809
8810
8812
8813
8814
8816
8818
8819
8822
8825
8828
8829
8830
8831
8832
8834
8843
8849
8852
8867
8883
8886
8895
8897
8899
8902
8903
8904
8907
8908
9665
9667
9668
9669
9670
9674
9675
9676
9682
9683
9690
9694
9700
9705
9706
9707
9710
9712
9713
9716
9723
9729
9730
9731
9739
9741
9742
9743
9744
9745
9746
9747
9749
9751
9752
9756
9757
9758
9759
9761
9763
9764
9765
9766
9767
9770
9771
9772
9773
9774
9775
9776
9778
9780
9782
9783
9787
9842
9843
9845
9847
9850
9852
9856
9894
9895
10409
10419
10421
10422
10423
10425
10426
10462
10484
10485
10487
10492
10493
10495
10498
10501
10502
10504
10505
10506
10507
10508
10509
10510
10511
10512
10514
10516
10517
10518
10520
10522
10523
10524
10527
10529
10530
10531
10534
10535
10537
10540
10541
10542
10543
10545
10547
10549
10550
10552
10553
10554
10555
10556
10557
10559
10560
10561
10563
10565
10569
10570
10572
10576
10578
10579
10581
10582
10583
10584
10586
10590
10591
10594
10595
10596
10597
10598
10599
10600
10601
10603
10605
10607
10608
10610
10612
10613
10614
10615
10616
10618
10619
10620
10622
10627
10633
10635
10636
10637
10639
10643
10644
10645
10646
10650
10654
10655
10657
10658
10670
10682
10694
10704
10709
10710
10713
10714
10717
10722
10727
10728
10729
10731
10734
10742
10810
10816
11145
11158
11173
11177
11179
11180
11181
11183
11195
11200
11202
11204
11205
11214
11232
11238
11240
11246
11268
11280
11282
11283
11285
11288
11295
11296
11301
11302
11307
11309
11315
11319
11326
11327
11336
11340
11348
11349
11350
11351
11355
11356
11377
11385
11387
11390
11398
11399
11410
11411
11412
11429
11438
11447
11458
11464
11467
11469
11472
11476
11478
11489
11494
11496
11497
11499
11501
11506
11517
11519
11521
11522
11523
11524
11530
11543
11545
11560
11563
11566
11581
11588
11698
12140
12144
12146
12147
12148
12326
12328
12329
12330
12331
12332
12333
12345
12349
12352
12353
12354
12355
12356
12358
12363
12365
12367
12371
12374
12375
12380
12381
12382
12384
12385
12387
12388
12389
12390
12391
12392
12393
12398
12400
12407
12410
12415
12417
12419
12422
12423
12425
12426
12428
12429
12433
12435
12436
12440
12441
12442
12446
12447
12449
12458
12475
12484
12494
12495
12496
12501
12504
12505
12580
12612
12623
12625
12633
12643
12646
12647
12668
12672
12692
12696
12813
12814
12815
12940
12941
12943
12947
12948
12949
12957
12960
12962
12968
12970
12975
12977
12978
12979
12980
12994
12998
13001
13015
13018
13021
13025
13030
13031
13035
13036
13040
13047
13048
13059
13068
13074
13080
13087
13096
13099
13100
13101
13103
13104
13106
13107
13111
13112
13117
13119
13122
13124
13129
13138
13140
13141
13146
13147
13148
13152
13156
13162
13165
13167
13168
13169
13172
13175
13187
13191
13195
13778
13806
13812
13831
14454
14456
14458
14459
14460
14462
14464
14465
14469
14471
14473
14475
14478
14481
14482
14483
14486
14487
14489
14490
14493
14494
14498
14511
14514
14523
14524
14547
14550
14551
14552
14557
14560
14561
14562
14563
14564
14572
14577
14586
14589
14593
14599
14604
14610
14612
14613
14616
14617
14618
14624
14632
14635
14650
14654
14657
14660
14667
14670
14671
14675
14677
14681
14686
14687
14691
14696
14697
14698
14700
14705
14711
14715
14716
14717
14719
14724
14725
14728
14732
14734
14736
14738
14739
14740
14741
14742
14745
14748
14752
14753
14754
14765
14767
14768
14769
14770
14773
14782
14784
15120
15121
15123
15124
15129
15131
15135
15137
15138
15142
15149
15156
15157
15161
15162
15163
15168
15169
15170
15172
15173
15175
15183
15186
15189
15190
15191
15195
15196
15197
15198
15199
15201
15202
15206
15212
15218
15219
15220
15221
15222
15224
15228
15229
15230
15234
15235
15241
15245
15246
15248
15249
15250
15251
15252
15255
15256
15257
15259
15262
15263
15266
15350
15354
15355
15356
15359
15360
15361
15362
15364
15365
15367
15370
15371
15372
15376
15377
15379
15380
15381
15384
15385
15386
15387
15388
15390
15393
15394
15397
15400
15407
15411
15415
15417
15420
15421
15423
15425
15427
15429
15431
15433
15434
15436
15440
15442
15443
15444
15445
15446
15447
15762
15763
15764
15765
15768
15778
15780
15783
15784
15787
15790
15796
15799
15801
15802
15809
15810
15812
15813
15815
15818
15819
15821
15826
15834
15837
15846
15851
15853
15862
15863
15864
15866
15868
15873
15874
15876
15877
15878
15879
15881
15883
16424
16425
16427
16428
16429
16434
16435
16437
16439
16440
16441
16442
16443
16444
16446
16448
16449
16450
16451
16452
16454
16622
16624
16626
16627
16628
16629
19097
19098
19109
19113
19115
19117
19135
19141
19149
19239
19534
19535
19536
19537
19538
19540
19542
19546
19548
19550
19553
19554
19555
19558
19560
19562
19563
19565
19566
19567
19568
19569
19570
19571
19574
19577
19578
19579
19581
19582
19588
19590
19591
19593
19594
19596
19597
19602
19604
19605
19608
19609
19612
19614
19615
19616
19617
19618
19621
19622
19624
19626
19628
19631
19632
19633
19634
19635
19636
19638
19639
19641
19642
19643
19644
19645
19646
19650
19653
19654
19656
19659
19663
19665
19669
19670
19673
19675
19679
19681
19689
19691
19695
19698
19710
19712
19713
19714
19716
19718
19719
19720
19721
19722
19724
19726
19728
19729
19731
19733
19737
19739
19740
19742
19745
19748
19749
19753
19754
19755
19758
19761
19762
19764
19766
19767
19768
19770
19772
19779
19780
19781
19782
19784
19786
19787
19789
19796
19797
19800
19806
19807
19809
19810
19811
19814
19815
19817
19818
19819
19820
19821
19822
19824
19826
19827
19828
19829
19831
19832
19834
19836
19838
19840
19841
19842
19844
19845
19847
19848
19850
19851
19852
19855
19856
19860
19861
19863
19864
19866
19870
19875
19876
19878
19881
19883
19884
19885
19886
19888
19891
19892
19893
19895
20172
20173
20178
20179
20182
20183
20185
20187
20188
20193
20194
20195
20196
20197
20198
20201
20202
20205
20206
20207
20213
20214
20216
20217
20218
20223
20224
20225
20228
20229
20230
20234
20359
20360
20361
20362
20363
20364
20365
20367
20369
20370
20371
20373
20374
20375
20376
20378
20381
20384
20385
20386
20387
20391
20394
20396
20397
20399
20400
20402
20403
20404
20409
20411
20412
20454
20574
20578
20580
20582
20842
20881
20882
20885
20886
20887
20888
20891
20894
20896
20897
20898
20899
21020
21022
21023
21024
21025
21027
21029
21033
21034
21035
21036
21037
21038
21039
21040
21041
21042
21044
21045
21046
21047
21048
21050
21051
21053
21054
21055
21056
21057
21058
21060
21061
21062
21063
21065
21066
21070
21071
21073
21076
21078
21093
21098
21101
21102
21104
21106
21107
21108
21109
21110
21112
21113
21115
21116
21117
21119
21122
21123
21124
21126
21128
21131
21132
21133
21138
21139
21145
21146
21149
21151
21152
21155
21156
21157
21158
21161
21162
21165
21166
21167
21169
21170
21171
21172
21174
21175
21176
21179
21184
21185
21186
21188
21191
21192
21194
21196
21197
21198
21199
21204
21205
21251
21253
21255
21256
21258
21260
21262
21263
21264
21265
21268
21277
21278
21279
21280
21281
21283
21284
21290
21293
21297
21298
21300
21308
21313
21315
21318
21319
21323
21324
21328
21332
21333
21335
21338
21339
21340
21341
21344
21347
21349
21351
21353
21355
21359
21360
21362
21370
21373
21375
21376
21377
21378
21379
21386
21388
21390
21395
21399
21401
21402
21403
21773
21785
21789
21790
21792
21793
21795
21796
21799
21800
21802
21803
21807
21808
22025
22026
22027
22028
22031
22032
22035
22060
22061
22284
22288
22289
22290
22292
22296
22297
22298
22301
22317
22318
22335
22338
22340
22342
22347
22348
22349
22351
22353
22354
22358
22359
22360
22363
22364
22365
22366
22367
22368
22370
22377
22880
22881
22890
22892
22895
22897
22928
22929
22930
22932
22933
22936
22939
22943
22944
22948
22950
22952
22954
22955
22956
22958
22959
22962
22964
22965
22968
22969
22970
22971
22972
22973
22976
22978
22980
22983
22985
22986
22990
22992
22993
22994
22997
22998
23000
23001
23005
23006
23007
23008
23009
23012
23016
23017
23022
23023
23028
23029
23030
23032
23035
23036
23037
23038
23042
23043
23044
23049
23050
23053
23055
23056
23058
23060
23063
23069
23071
23075
23080
23085
23086
23087
23088
23089
23090
23092
23093
23096
23097
23099
23102
23106
23110
23113
23115
23118
23120
23121
23122
23123
23124
23127
23130
23137
23138
23139
23143
23146
23149
23150
23152
23156
23158
23160
23161
23163
23164
23165
23168
23171
23174
23175
23177
23178
23180
23181
23186
23188
23189
23190
23193
23196
23197
23200
23201
23202
23205
23206
23208
23209
23210
23211
23212
23217
23218
23221
23222
23225
23226
23227
23229
23231
23233
23234
23235
23236
23237
23238
23239
23240
23242
23243
23245
23246
23248
23249
23250
23280
23319
23321
24117
24124
24127
24544
24546
24548
24552
24553
24554
24557
24560
24562
24564
24565
24567
24569
24571
24573
24575
24577
24579
24580
24581
24582
24583
24584
24585
24587
24588
24589
24593
24594
24595
24596
24598
24599
24601
24602
24604
24605
24609
24610
24612
24613
24614
24616
24617
24622
24625
24628
24629
24630
24631
24632
24633
24634
24635
24636
24637
24639
24643
24645
24646
24650
24652
24654
24655
24656
24657
24658
24662
24663
24664
24666
24669
24671
24673
24675
24676
24679
24680
24681
24684
25320
25323
25362
25363
25438
25447
25451
25452
25454
25455
25459
25463
25475
25476
25477
25478
25479
25481
25482
25483
25484
25485
25486
25487
25488
25490
25492
25493
25497
25500
25506
25507
25508
25510
25515
25523
25526
25529
25533
25536
25543
25550
25551
25552
25553
25557
25558
25563
25586
25589
25591
25594
25615
25617
25627
25629
25633
25636
25637
25639
25640
25643
25644
25646
25650
25651
25652
25653
25656
25657
25658
25660
25661
25663
25664
25667
25668
25671
25673
25674
25678
25679
25685
25686
25688
25689
25693
25748
25749
25750
25751
25752
25797
25805
25816
25832
25833
25836
25837
25838
25840
25853
25854
25856
25859
25863
25869
25870
25871
25879
25887
25899
25912
25914
25924
25925
25928
25929
25930
25931
25932
25933
25935
25936
25940
25943
25947
25950
25951
25953
25954
25956
25967
25971
26259
26260
26261
26262
26263
26264
26266
26268
26269
26275
26279
26280
26281
26282
26285
26288
26292
26296
26298
26301
26302
26303
26304
26306
26307
26308
26310
26311
26312
26348
26349
26360
26361
26362
26363
26368
26370
26371
26372
26373
26377
26382
26397
26402
26407
26408
26411
26412
26414
26415
26421
26422
26424
26436
26437
26447
26449
26451
26477
26478
26480
26590
26592
26605
26609
26611
26613
26614
26615
26616
26617
26618
26621
26622
26625
26626
26628
26629
26632
26633
26634
26636
26637
26638
26639
26640
26641
26643
26645
26648
26651
26654
26656
26657
26658
26660
26672
26689
26691
26715
26720
26726
26728
26734
26756
26757
26758
26759
26760
26781
26785
26795
26797
26801
26805
26810
26816
26822
26830
26833
26835
26836
26839
26840
26845
26848
26849
26852
26854
26855
27080
27137
27154
27156
27158
27160
27161
27162
27163
27164
27165
27166
27169
27173
27178
27179
27188
27227
27234
27236
27237
27238
27240
27243
27248
27249
27253
27254
27255
27256
27257
27258
27259
27260
27261
27264
27265
27266
27270
27271
27564
27583
27634
27650
27657
27660
27662
27664
27666
27669
27671
27672
27674
27714
27760
27761
28008
28009
28669
28670
28749
28754
28807
28810
29293
29303
29416
29450
29513
29605
29677
29689
29691
29698
29699
29703
29704
29705
29706
29707
29708
29709
29712
29713
29720
29721
29723
29724
29727
29728
29729
29730
29732
29733
29734
29735
29738
29739
29740
29743
29746
29747
29749
29752
29753
29754
29755
29757
29758
29760
29762
29763
29765
29766
29769
29770
29771
29772
29773
29774
29775
29776
29777
29779
29781
29782
29783
29784
29785
29790
29791
29793
29794
29795
29796
29798
29801
29805
29806
29813
29814
29816
29818
29819
29820
29821
29824
29826
29827
29828
29829
29831
29832
29836
29839
29840
29841
29845
29846
29847
29848
29849
29855
29857
29862
29863
29864
29872
29879
29880
29882
29884
29885
29886
29887
29890
29892
29896
29897
29903
29904
29905
29906
29909
29911
29912
29916
29917
29918
29921
29922
29923
29925
29928
29931
29934
29936
29937
29938
29941
29943
29947
29949
29950
29953
29954
29955
29956
29957
29960
29962
29963
29965
29966
29969
29970
29972
29973
29977
29980
29982
29991
29994
29997
30008
30010
30168
30169
30170
30544
30545
30546
30548
30549
30550
30552
30556
30558
30563
30564
30569
30573
30607
30655
30657
30686
30690
30691
30692
30761
30762
30765
31611
31613
31615
31616
31619
31621
31622
31624
31625
31629
31631
31736
31738
31740
31757
31758
31759
31762
31763
31766
31767
31772
31779
31788
31789
31790
31791
31794
31796
31798
31799
31803
31805
31808
31810
31813
31814
31815
31816
31818
31819
31824
31826
31830
31831
31833
31834
31835
31836
31838
31839
31840
31852
31854
31865
31868
31869
31870
31872
32205
32208
32211
32213
32216
32218
32221
32222
32225
32231
32232
32233
32236
32238
32243
32244
32396
32915
32917
32921
33687
33690
33691
33693
33695
33697
33698
33713
33719
33720
33721
33722
34207
34208
34209
34214
34222
34225
34228
34229
34233
34241
34243
34245
34247
34250
34263
34278
34368
34382
34390
34397
34401
34402
34403
34405
34410
34465
34470
34473
34684
34758
34763
34764
34775
34776
34784
34788
34795
34808
34811
34819
34822
34832
34833
34865
34889
34891
34901
34934
34939
34942
34948
34954
35056
35057
35068
35069
35071
35072
35073
35082
35083
35088
35095
35114
35166
35167
35168
35326
35335
35386
35409
35414
35457
35514
35922
35923
36035
36037
36038
36112
36115
36117
36119
36409
36410
36412
36413
36414
36430
36431
36433
36451
36453
36454
36526
37909
39377
39410
39420
39423
39427
39430
39432
39433
39436
39439
39440
39442
39445
39446
39451
39455
39464
39467
39469
39476
39478
39479
39483
39484
39486
39494
39497
39501
39503
39504
39506
39507
39515
39516
39517
39523
39525
39527
39528
39529
39530
39533
39537
39539
39547
39549
39552
39563
39566
39592
39593
39595
39596
39597
39598
39599
39601
39602
39603
39606
39610
39614
39615
39620
39629
39640
39644
39647
39653
39655
39656
39658
39663
39666
39667
39669
39678
39684
39690
39697
39699
39703
39705
39706
39710
39712
39714
39716
39717
39718
39720
39721
39722
39726
39727
39729
39732
39734
39736
39737
39738
39741
39745
39746
39754
39822
39826
39828
39839
39841
39843
39846
39847
39849
39850
39859
39872
39879
39882
39887
39889
39890
39900
39905
39906
39913
39919
39923
39925
39932
39933
40056
40059
40106
40107
40109
40111
40113
40114
40115
40119
40120
40121
40122
40123
40127
40128
40129
40131
40173
40174
40189
40190
40193
40196
40197
40198
40205
40537
40538
40539
40540
40541
40542
40545
40578
40648
40655
40656
41023
41056
41132
41133
41135
41136
41137
41138
41139
41141
41144
41146
41147
41148
41150
41151
41153
41154
41155
41158
41160
41161
41162
41163
41167
41168
41169
41171
41172
41280
41462
42025
42026
42033
42039
42040
42041
42049
42054
42055
42057
42058
42065
42067
42077
42078
42082
42083
42165
42170
42171
42172
42184
42186
42187
42249
42270
42277
43331
43491
43493
43497
43500
43503
43506
43511
43513
43522
43529
43530
43533
43534
43535
43538
43543
43545
43547
43548
43555
43556
43557
43558
43559
43566
43573
43578
43579
43581
43587
43590
43591
43592
43595
43599
43602
43604
43605
43607
43611
43615
43616
43622
43625
43626
43638
43711
43721
43724
43725
43727
43734
43791
43792
43794
44204
44205
44207
44210
44219
44220
44263
44276
44277
44290
44292
44299
44300
44307
44311
44313
44323
44324
44325
44333
44335
44337
44339
44342
44343
44398
44403
44405
44411
44484
44491
44493
44496
44608
44623
44626
44772
44840
44842
45121
45123
45124
45126
45133
45138
45139
45150
45155
45165
45166
45167
45168
45170
45171
45172
45174
45175
45178
45181
45182
45183
45184
45188
45191
45192
45193
45196
45199
45200
45201
45202
45204
45205
45206
45207
45208
45210
45211
45213
45214
45215
45217
45218
45219
45220
45222
45226
45227
45228
45229
45230
45231
45232
45233
45234
45236
45238
45239
45241
45243
45244
45245
45247
45249
45250
45254
45255
45257
45260
45262
45268
45270
45271
45272
45273
45274
45275
45277
45280
45283
45284
45285
45286
45291
45293
45294
45295
45296
45298
45299
45300
45301
45303
45307
45309
45311
45314
45318
45319
45320
45323
45325
45326
45331
45335
45336
45337
45338
45340
45341
45342
45344
45346
45348
45350
45352
45355
45356
45357
45359
45361
45362
45364
45365
45367
45371
45372
45373
45375
45378
45380
45381
45386
45388
45389
45391
45393
45394
45400
45401
45404
45405
45407
45409
45410
45413
45414
45415
45416
45418
45421
45422
45423
45425
45428
45432
45436
45437
45438
45439
45440
45443
45444
45445
45448
45450
45451
45453
45455
45456
45458
45459
45461
45462
45463
45464
45466
45467
45468
45469
45470
45471
45472
45474
45475
45476
45480
45484
45486
45487
45489
45490
45491
45493
45496
45833
45834
45835
45837
45838
45842
45844
45847
45848
45849
45858
45862
45958
45960
45963
45974
45975
45976
45978
45987
45988
45993
45994
45999
46000
46004
46008
46010
46012
46014
46016
46021
46024
46027
46029
46030
46032
46033
46040
46041
46044
46049
46053
46056
46057
46059
46060
46063
46064
46065
46066
46067
46069
46074
46075
46079
46081
46089
46090
46091
46101
46102
46103
46105
46108
46109
46110
46111
46113
46115
46117
46123
46124
46126
46128
46131
46134
46136
46142
46143
46148
46156
46158
46162
46164
46168
46423
46426
46430
46434
46438
46439
46440
46441
46443
46447
46448
46450
46451
46452
46453
46454
46455
46457
46509
46546
46547
46556
46559
46568
46577
46579
46582
46614
46617
46618
46620
46622
46694
46699
46702
46705
46708
46719
46723
46730
46733
46741
46760
46791
47165
47218
47219
47222
47223
47274
47280
47281
47442
47445
47446
47450
47453
47586
47587
47590
47599
47781
47785
47786
47787
47788
47800
47930
47935
47936
48046
48047
48048
48052
48053
48073
48082
48083
48096
48103
48112
48113
48114
48120
48121
48122
48138
48139
48141
48146
48147
48153
48155
48158
48159
48167
48174
48178
48180
48189
48191
48194
48195
48197
48203
48210
48215
48325
48326
48328
48329
48383
48386
48390
48399
48400
48406
48407
48408
48409
48410
48411
48412
48415
48417
48418
48419
48420
48422
48423
48427
48431
48432
48433
48436
48438
48568
48570
48571
48572
48573
48580
48581
48584
48585
48586
48588
48591
48594
48595
48598
48599
48604
48913
48914
48915
48916
48919
48920
48925
48930
48931
48988
48993
49009
49016
49026
49048
49053
49056
49060
49061
49085
49089
49094
49101
49110
49435
49436
49438
49440
49529
49758
49763
49769
49772
49775
49829
49835
49839
50117
50120
50134
50136
50137
50141
50144
50145
50150
50155
50156
50158
50159
50162
50164
50171
50172
50177
50179
50189
50190
50191
50198
50201
50203
50207
50209
50211
50228
50247
50261
50262
50266
50268
50291
50293
50296
50299
50300
50313
50318
50320
50321
50338
50343
50345
50349
50367
50379
50383
50394
50405
50408
50412
50413
50426
50430
50431
50433
50439
50445
50449
50451
50474
50484
50487
50488
50509
50512
50521
50527
50528
50530
50533
50536
50537
50938
50939
51054
51056
51070
51075
51080
51086
51088
51091
51092
51101
51102
51105
51110
51115
51119
51129
51133
51136
51147
51163
51170
51178
51182
51184
51186
51189
51190
51220
51221
51223
51229
51230
51612
51628
51629
51631
72681
72683
72684
72686
72722
72858
72862
72925
72928
72999
73554
73555
73556
73562
73564
73565
73569
73570
73571
73575
73578
73579
73582
73587
73597
73907
73925
73926
73927
73928
73932
73935
73938
73939
73942
73943
73944
73945
73946
73947
73948
73950
73955
73956
73957
73959
73961
73962
73964
73966
73967
73968
73971
73976
73979
73981
73985
73991
73995
73996
73997
74002
74003
74006
74017
74018
74023
74027
74032
74034
74035
74039
74047
74048
74050
74054
74055
74056
74062
74063
74068
74088
74090
74092
74097
74099
74100
74108
74119
74127
74130
74132
74133
74146
74157
74158
74163
74166
74168
74173
74174
74179
74184
74186
74187
74191
74195
74196
74201
74204
74206
74210
74211
74216
74217
74219
74221
74231
74232
74233
74235
74236
74238
74241
74250
74251
74255
74256
74257
74259
74261
74262
74263
74265
74266
74270
74274
74275
74276
74277
74287
74289
74290
74293
74294
74296
74300
74301
74303
74304
74306
74307
74314
74315
74317
74321
74322
74324
74325
74326
74327
74328
74329
74334
74336
74342
74343
74344
74345
74347
74349
74350
74354
74356
74358
74359
74360
74361
74373
74377
74393
74394
74396
74398
74399
74401
74407
74410
74411
74412
74415
74417
74422
74424
74427
74430
74433
74441
74443
74448
74455
74458
74460
74461
74467
74469
74473
74475
74476
74480
74481
74487
74493
74496
74507
74510
74512
74513
74515
74519
74522
74526
74532
74534
74541
74542
74544
74545
74546
74554
74555
74571
74577
74580
74581
74589
74597
74607
74609
74613
74615
74621
74623
74625
74626
74628
74629
74637
74642
74643
74644
74645
74646
74647
74655
74657
74660
74665
74666
74668
74669
74670
74671
75247
75258
75259
75265
75267
75269
75277
75278
75291
75302
75305
75319
75328
75334
75353
75367
75381
75399
75402
76636
76637
76638
76639
76641
76652
76971
77136
77138
77139
77140
77143
77919
77922
77924
77925
78184
78190
78585
78586
78590
78606
78679
78683
78684
78687
78688
78690
78694
78695
78697
78962
78963
78964
78986
78987
78991
79061
79064
79066
79070
79072
79073
79074
79078
79080
79090
79105
79110
79113
79119
79129
79132
79136
79140
79145
79151
79152
79155
79158
79159
79164
79168
79176
79177
79180
79186
79194
79196
79199
79201
79204
79205
79214
79215
79217
79219
79223
79233
79236
79242
79244
79248
79253
79857
79863
80241
80243
80245
80251
80254
80256
80274
80275
80280
80281
80282
80284
80290
80292
80410
80412
80415
80507
80509
80511
80522
80523
80524
80526
80527
80532
81968
81976
81978
81979
81983
81986
81991
82423
82942
82943
82951
82955
82957
82960
82968
82973
82976
82978
82980
82988
82989
82991
82998
82999
83001
83005
83007
83011
83018
83021
83024
83033
83034
83035
83036
83039
83040
83046
83056
83061
83064
83069
83072
83075
83078
83084
83087
83088
83089
83092
83093
83094
83098
83099
83103
83105
83107
83109
83111
83113
83114
83121
83122
83123
83128
83129
83132
83133
83137
83138
83139
83142
83145
83151
83152
83155
83156
83161
83162
83163
83164
83170
83173
83175
83176
83177
83178
83183
83188
83193
83196
83199
83200
83202
83204
83205
83206
83207
83208
83210
83216
83218
83222
83225
83226
83227
83229
83230
83233
83236
83239
83244
83249
83258
83261
83266
83269
83273
83276
83281
83284
83285
83286
83292
83294
83303
83304
83305
83309
83310
83314
83319
83323
83334
83336
83338
83342
83343
83353
83374
83377
83384
83390
83410
83413
83416
83418
83420
83421
83426
83433
83438
83440
83446
83448
83451
83463
83470
83472
83473
83483
83489
83493
83510
83525
83531
83556
83559
83562
83567
83572
83573
83576
83584
83599
83602
83609
83611
83612
83618
83625
83629
83631
83634
83646
83672
83677
83679
83680
83688
83702
83712
83720
83730
83733
83739
83745
83746
83747
83748
83754
83764
83791
83794
83803
83807
83811
83822
83829
83833
83838
83869
83884
83893
83903
83908
83912
83913
83921
83958
83973
83977
83994
84053
84064
84065
84066
84071
84072
84073
84098
84104
84114
84119
84120
84122
84124
84364
84370
84373
84376
84380
84393
84409
84424
84434
84440
84443
84457
84503
84505
84522
84530
84541
84550
84559
84564
84565
84566
84583
84590
84595
84608
84611
84622
84635
84639
84643
84648
84652
84659
84663
84682
84688
84694
84705
84709
84712
85106
87329
87330
87332
87334
87335
87336
87337
87342
87346
87593
87594
87596
87599
87601
87898
87899
87900
87902
87907
87908
87911
87913
87914
87915
87917
87918
87919
87921
87923
87924
87925
87926
87932
87934
87936
87937
87939
87940
87942
87945
87947
87948
87949
87951
87952
87953
87954
87955
87957
87958
87960
87962
87963
87965
87966
87968
87969
87970
87972
87975
87979
87981
87982
87984
87985
87986
87988
87990
87991
87992
87993
88784
88785
88786
88787
88789
88791
88796
88799
88803
88804
88807
88810
88816
88817
88821
88943
88945
88946
88951
88952
88956
88959
88960
88962
88963
88966
88968
88971
88972
88973
88974
88979
88981
88982
88983
88984
88985
88986
88988
88991
88993
89001
89002
89003
89004
89005
89006
89009
89010
89011
89012
89016
89023
89026
89027
89028
89037
89038
89040
89042
89044
89045
89047
89048
89049
89051
89052
89054
89056
89062
89063
89064
89066
89068
89074
89079
89080
89082
89083
89086
89088
89101
89102
89109
89113
89114
89115
89116
89117
89399
89401
89403
89406
94912
94914
95096
95097
95098
95099
95100
95102
95103
95105
95106
95110
95111
95113
95114
95220
95535
95537
96825
96829
96834
96835
96836
96837
96838
96840
96841
96842
96843
96844
96853
96858
96859
96870
96871
96876
96877
96888
96890
96891
96892
96893
96896
96897
96898
96899
96903
96906
96907
96908
96910
96916
96920
96921
96924
96929
96937
96938
96945
96946
96951
96952
96953
96962
96964
96966
96970
96972
96974
97044
97046
97048
97049
97057
97058
97059
97061
97063
97064
97065
97066
97073
97074
97075
97076
97077
97078
97079
97085
97087
97091
97093
97094
97096
97097
97098
97099
97100
97101
97108
97112
97116
97117
97120
97192
97193
97194
97197
97199
97200
97202
97204
97206
97211
97215
97216
97217
97220
97221
97228
97229
97230
97233
97236
97238
106368
106405
106426
106427
106428
106504
106531
106555
106564
106568
106575
106631
106636
106637
106638
106639
106642
106644
106645
106646
106654
106657
106658
106662
106664
106665
107090
107095
107253
107258
107259
107265
107272
107273
107277
107278
107279
107280
107281
107286
107288
107291
107293
107296
107300
107303
107306
107307
107308
107312
107313
107315
107317
107320
107328
107336
107341
107346
107347
107353
107362
107363
107369
107371
107373
107374
107377
107379
107385
107389
107390
107397
107408
107413
107431
107437
107438
107445
107449
107451
107466
107467
107472
107494
107505
107506
107507
107526
107531
107534
107535
107537
107542
107553
107557
107562
107568
107569
107570
107583
107680
107681
107683
107684
107689
107693
107694
107695
107697
107698
107699
108786
108787
108788
108789
108791
108795
108798
108799
108802
108803
108804
108805
108807
108808
108809
108810
108811
108812
108813
108817
108818
108819
108823
108827
108828
108830
108833
108840
108841
108842
108843
108848
108849
108851
108852
108856
108858
108860
108861
108863
108864
108868
108869
108870
108874
108877
108879
108883
108884
108885
108887
108890
108891
108893
108894
108898
108899
108901
108903
108904
108905
108906
108907
108912
108914
108916
108918
108919
108920
108923
108924
108929
108931
109668
109671
109673
109674
109675
109679
109680
109684
109685
109688
109690
109691
109694
109697
109702
109703
109704
109707
109710
109715
109716
109717
109718
109719
109722
109723
109725
109727
109730
109740
109741
109745
109754
109755
109756
109757
109761
109762
109764
109765
109766
110502
110503
110504
110507
110511
110514
110517
110524
110525
110532
110536
110637
110638
110639
110640
111048
111049
111051
111057
111062
111076
111082
111188
111192
111202
111203
111204
111247
111283
113506
113507
113513
113520
113525
113528
113533
113536
113537
113539
113540
113541
113542
113558
113575
113579
113614
113619
114902
114903
114904
114905
114908
114909
114911
114912
114913
116379
116381
116383
116384
116385
116386
116387
116391
116396
116721
116723
116724
116726
116727
116728
116731
116732
116736
116739
116742
116743
116745
116748
118867
118868
118870
118871
118873
118874
118876
118878
118879
118881
118884
118887
118888
118891
118894
118899
118904
118905
118906
118907
118910
118911
118912
118913
118914
118921
118924
118925
118926
118927
121121
121123
121125
121126
121129
121130
121132
121136
121138
121141
121146
121150
121151
121152
121153
121154
121156
121157
121158
121159
121160
121162
121163
121165
121169
121174
121175
121176
121179
121181
121183
121184
121185
121187
121188
121189
121190
121191
121192
121193
121195
121197
121198
121200
121204
121205
121212
121214
121215
121216
121217
121218
121219
121222
121223
121225
121230
121232
121233
121235
121236
121239
121243
121251
121254
121256
121257
121258
121259
121261
121264
121266
121267
121270
121272
121273
121493
121494
121495
122047
122049
122050
122051
122053
122055
122056
122057
122059
122066
122069
122070
122073
122075
122077
122079
122080
122082
122083
122088
122089
122090
122091
122095
122116
122118
122119
122120
122122
122268
122282
122285
122287
122313
122323
122324
122338
122349
122355
122360
122373
122375
122402
122405
122406
122408
122413
122416
122420
122423
122428
122434
122435
122438
122442
122449
122451
122455
122459
122468
122469
122487
124033
124034
124044
124047
124073
124075
124313
124316
124342
124343
124443
124451
124470
124471
124476
124478
124482
124504
124748
125873
125874
125877
125878
125880
125882
125885
126011
126012
126014
126018
126022
126132
126139
126141
126143
126146
126147
126149
126151
126153
126156
126159
126160
126161
126164
126166
126178
126186
126187
126193
126198
126201
126204
126210
126211
126212
126213
126214
126215
126216
126279
126280
126281
126283
126289
126294
126298
126303
126306
126333
126408
126420
126803
126806
126811
126812
126813
126814
126816
126818
128940
128941
128944
128948
129012
129014
129015
129022
129135
129458
129465
129466
129470
129477
129479
129480
129490
129491
129496
129501
129502
129505
129509
129512
129513
129514
129521
129522
129523
129525
129526
129527
129529
129533
129535
129541
129544
129548
129559
129560
129561
129562
129564
129566
129568
129572
129574
129578
129579
129580
129584
129588
129590
129591
129593
129595
129600
129606
129607
129608
129609
129610
129614
129619
129624
129626
129628
129629
129640
129642
129643
129644
129649
129650
129652
129653
129655
129658
129659
129665
129667
129668
129671
129680
129682
129690
129693
129696
129698
129699
129704
129707
129708
129715
129716
129722
129724
129730
129731
129739
129741
129742
129744
129750
129754
129757
129761
129774
129777
129778
129786
129789
129790
129798
129801
129808
129810
129880
129881
129882
129883
129885
129887
129908
129909
129910
129911
129913
130311
130314
130316
130320
130329
130332
130334
130338
130339
130341
130345
130346
130347
130362
130367
130369
130373
130378
130381
130384
130386
130387
130483
130489
130498
130506
130507
130513
130515
130521
130522
130526
130528
130530
130532
130534
130538
130539
130542
130547
130549
130552
130554
130574
130581
130588
130614
130616
130634
130635
130659
130670
130672
130680
130686
130689
130691
130695
130699
130701
130702
130704
130707
130708
130713
130717
130719
130720
130814
130816
130903
130995
130998
130999
131002
131004
131005
131006
131007
131011
132071
132072
132089
132101
132106
132107
132111
132123
132127
132213
132214
132215
132216
132219
132220
132225
132226
132228
132229
134738
134740
134741
134743
134744
134748
134749
134751
134752
134756
134757
134764
135182
135186
135188
135189
135195
135197
135199
135216
135217
135218
135220
135221
135226
135228
135232
135234
135235
135236
135241
135243
135246
135252
135253
135254
135256
135259
135262
135266
135268
135270
135272
135274
135277
135278
135279
135281
135451
135500
136032
136035
136040
136042
136043
136044
136046
136047
136048
136049
136051
136054
136055
136137
136140
136142
136143
136145
136149
136151
136154
136156
136159
136194
136195
136197
136199
136200
136202
136204
136205
136206
136208
136209
136211
136212
136214
136216
136218
136279
136282
136283
136285
136288
136509
136513
136514
136515
136516
137913
137931
138217
138571
139396
139403
139404
139406
139411
139419
139427
139428
139429
139431
139441
139446
139447
139449
139451
139453
139458
139462
139463
139468
139469
139470
139483
139485
139489
139494
139495
139499
139502
139506
139508
139509
139510
139512
139513
139514
139515
139663
139664
139665
139666
139668
139674
139676
139678
139679
139682
139683
139685
139686
139687
139690
139691
139692
139693
139698
139702
139703
139709
139710
139715
139726
139727
139730
139738
139740
139741
139742
140164
140166
140171
140172
140177
140193
140200
140205
140206
140209
140214
140217
140222
140227
140229
140232
140233
140239
140343
140345
141802
141804
141817
141818
141828
141829
141851
141879
141881
141882
141883
141930
141935
141936
141937
141942
141957
141958
141959
141988
141992
141996
142000
142001
142003
142004
142007
142009
142010
142013
142014
142015
142019
142020
142030
142032
142034
142038
142045
142048
142049
142052
142054
142060
142062
142068
142070
142358
142362
142363
143015
143016
143018
143021
143024
143199
143218
143253
143333
143370
143376
143381
143388
143607
143609
143611
143619
143620
143621
143623
143624
143625
143627
143628
143629
143630
143631
143632
143635
143683
143730
144260
144276
145798
145799
145800
145802
145804
145807
145811
145812
145813
145814
145815
145816
145964
145968
145969
145973
145974
145981
145984
145987
145988
145989
145991
145992
146006
146009
146016
146017
146022
146024
146047
146053
146060
146065
146070
146077
146087
146095
146097
146161
146162
146165
146168
146173
146178
146179
146446
146447
146582
146583
146593
146595
146600
146601
146727
146728
146733
146735
146736
146739
146740
146742
146743
146746
146747
146750
146753
146754
146759
146761
146762
146764
146766
146767
146777
147370
147373
147376
147377
147379
147381
147389
147398
147399
147406
147407
147411
147419
147420
147425
147428
147431
147435
147439
147530
150807
150810
150833
150977
150986
150995
151059
151060
151083
151088
151089
151090
151099
151108
151114
151120
151132
151135
151139
151149
151150
151151
151153
151154
151158
151165
151169
151630
151631
151634
151979
152032
152033
152034
152044
152049
152060
152065
152069
152070
152078
152080
152087
152089
152096
152106
152140
152159
152526
152533
152539
152549
152555
152556
152563
152570
152571
152581
152587
152590
152595
152604
152616
152623
152628
152641
152643
152651
152652
152656
152664
152667
152672
152705
152710
152718
152727
152729
152737
152741
152826
152836
152837
152844
152847
152870
152876
152893
152904
152926
152934
152937
152938
152944
152967
152968
152974
152977
152991
152998
153001
153003
153007
153039
153049
153058
153102
153104
153133
153135
153137
153155
153166
153279
153282
153289
153298
153301
153307
153310
153311
153312
153422
153428
153430
153431
153433
153434
153436
153437
153438
153439
153441
153446
153450
153453
153455
153457
153458
153462
153463
153464
153467
153469
153471
153473
153475
153477
153478
153481
153486
153488
153962
153963
153966
153968
153970
153972
153977
153981
153985
153995
153996
153999
154005
154160
154162
154163
154164
154258
154263
154346
154348
154395
154396
154402
154408
154409
154410
154411
157199
157201
157206
157207
157210
157285
157291
157393
157394
157395
157397
157399
157400
157406
157407
157414
157415
157416
157419
157422
157424
157431
157433
157870
157872
157874
157878
157879
157880
157883
157884
157885
157886
157887
157888
157889
157919
157920
157921
157922
157923
157924
157925
157926
157931
157932
157933
157935
157936
157940
157946
157972
157973
157974
157975
157976
157977
157978
157979
157980
158103
158104
158106
158110
158111
158113
158120
158121
158129
158136
158234
158235
158238
158239
158241
158242
158243
158293
158294
158295
158599
158683
158685
158687
158688
158689
158690
158745
158746
158747
158749
158751
158752
158753
158757
158758
158763
158764
158766
158767
158768
158769
158773
158774
158899
158900
158901
158902
158903
159029
159030
159033
159036
159041
159047
159049
159056
159066
159068
159069
159086
159089
159090
159091
159092
159093
159095
159096
159098
159106
159111
159116
159117
159119
159124
159126
159127
159129
159130
159136
159139
159141
159144
159145
159149
159153
159173
159175
159177
159179
159180
159188
159193
159200
159205
159208
159212
159224
159228
159230
159232
159237
159238
159241
159242
159246
159249
159250
159251
159252
159253
159256
159260
159262
159265
159266
159267
159274
159275
159277
159278
159280
159281
159283
159285
159286
159290
159291
159299
159300
159301
159309
159317
159320
159322
159327
159328
159397
159398
159399
159404
159406
159409
159412
159413
159501
159612
159629
159688
159728
159734
159736
159742
159748
159749
159754
159758
159759
159763
159766
159769
159772
159774
159775
159816
159817
159818
159819
159821
159824
159825
159826
159827
159828
159830
159831
159833
159834
159836
159838
159839
159840
159841
159842
159843
159844
159846
161276
161292
169963
169971
169975
169977
170977
170993
170995
170998
171001
171012
174787
174789
174791
174799
174800
174805
174813
174816
174817
174818
174822
174823
174824
174826
174828
174830
174831
174833
174835
174837
174838
174839
174845
174848
174852
174859
174863
174868
174872
174873
174881
174889
174890
174892
174895
174900
174903
174915
174917
174922
174927
174928
174929
174930
174931
174935
174936
174939
174943
174944
174950
174952
174953
174956
174957
174958
174959
174963
174968
174973
174978
174979
174983
174985
174987
174999
175004
175009
175011
175015
175017
175019
175020
175021
175024
175026
175030
175032
175035
175036
175042
175043
175048
175050
175057
175060
175062
175064
175070
175072
175073
175078
175079
175088
175091
175097
175098
175101
175103
175104
175106
175108
175109
175111
175114
175115
175117
175119
175121
175124
175125
175127
175128
175135
175138
175143
175239
175243
175249
175252
175256
175257
175390
175396
175401
176428
176430
176438
176441
176443
176450
176452
176455
176456
177476
177500
177501
177508
177517
177542
177543
177545
177583
177584
177585
177597
177598
177600
177601
177602
177924
177931
178014
178015
178017
178019
178020
178024
178026
178028
178091
178092
178101
178109
178113
178121
178131
178135
178136
178137
178138
178140
178145
178150
178151
178560
179235
179239
179245
179248
179252
179254
179406
179409
179422
179423
179424
179425
179426
179428
179430
179438
179439
179440
179441
179488
179489
179505
179508
179513
179519
179523
179535
179540
179542
179543
179547
179548
179551
179553
179555
179556
179561
179567
179573
179575
179576
179580
179587
179589
179591
179594
179598
179599
179605
179607
179612
179614
179618
179621
179624
179628
179630
179804
179878
179884
179886
179891
180144
180147
180265
180267
180279
180311
180322
180334
180341
180344
180345
180346
180347
180360
180361
180362
180408
180412
180415
180416
180423
180435
180448
180455
180458
180467
180473
180482
180505
180509
180516
180587
180592
180596
180600
180601
180602
180607
180608
180609
180611
180616
180618
180620
180622
180624
180625
182251
182253
182254
182255
182256
182258
182259
182261
182266
182267
182269
182270
182272
182273
182274
182276
182277
182278
182280
182281
182282
182283
182284
182285
182288
182289
182290
182292
182294
182296
182299
182300
182304
182305
182607
182608
182609
183005
183007
183008
183010
183011
183014
183017
183022
183053
183054
183063
183068
183403
183414
183417
183994
184477
184482
184483
184484
184485
184486
184490
184491
184505
184517
184521
184522
184527
184533
184534
184538
184539
184542
184543
184548
184549
184550
184552
184553
184554
184556
184560
184561
184563
184570
184580
184582
184583
184584
184585
184586
184587
184588
184589
184590
184591
184594
184595
184598
184599
184601
184603
184605
184607
184608
184609
184612
184614
184615
184618
184619
184620
184622
184623
184624
184625
184626
184627
184630
184631
184632
184633
184634
184635
184636
184637
184638
184639
184641
184642
184643
184647
184648
184649
184651
184652
184653
184654
184655
184658
184659
184660
184661
184663
184665
184666
184670
184671
184672
184673
184676
184678
184679
184680
184681
184682
184685
184687
184688
184689
184690
184691
184692
184693
184694
184695
184696
184697
184699
184700
184703
184705
184706
184708
184709
184710
184711
184714
184715
184717
184718
184719
184722
184723
184724
184725
184726
184728
184731
184732
184733
184735
184736
184737
184738
184740
184744
184746
184747
184748
184750
184751
184752
184753
184754
184756
184757
184758
184759
184761
184764
184767
184768
184769
184771
184773
184774
184776
184778
184814
184816
184983
184988
184989
184991
184992
184993
184995
185045
185047
185053
185054
185056
185063
185136
185140
185141
185142
185143
185144
185694
185696
185697
185699
185704
185709
185711
185734
185737
185743
185774
185810
185812
185816
185819
185820
185828
185829
186316
186322
186328
186392
186615
186616
188963
188968
188969
188972
188973
189078
189080
189084
189085
189145
189146
189147
189180
189181
189211
189213
189214
189218
189219
189221
189223
189225
189229
189231
189232
189233
189235
189236
189237
189238
189240
189241
189242
189243
189246
189247
189251
189252
189253
189254
189256
189269
189272
189273
189620
189625
189626
189627
189637
189640
189641
189642
189646
189647
189648
189650
189652
189653
189654
189873
189874
189875
189876
189877
189878
189879
189880
189882
189883
189885
189899
189900
189901
189902
189903
189904
189905
189906
189907
189908
189909
189912
189917
189920
189924
190159
190160
190161
190163
190166
190168
190170
190173
190174
190177
190190
190191
190193
190194
190195
190196
190199
190398
190401
190404
190407
190408
190410
190413
190414
190417
190534
190535
190536
190539
190540
190546
190548
190550
190552
190555
190558
190559
190560
190563
190566
190568
190571
190574
190575
190576
190579
190580
190581
190582
190584
190587
190588
190590
191054
191058
191060
191061
191063
191072
191078
191080
191082
191084
191086
191087
191088
191090
191092
191094
191095
191096
191098
191102
191136
191239
191240
191243
191244
191246
191306
191307
191312
191313
191314
191316
191317
191318
191320
191321
191322
191323
191324
191336
191337
191338
191341
191353
191356
191359
191361
191369
191372
191376
191379
191381
191384
191385
191389
191391
191392
191393
191394
191397
191400
191401
191402
191403
191404
191405
191407
191540
191547
191548
191549
191557
191570
191577
191578
191580
191581
191591
191595
191596
191599
192073
192211
192212
192214
192215
192217
192218
192220
192224
192225
192226
192227
192231
192232
193394
193396
193397
193399
193400
193403
193404
193406
193414
193415
193416
193420
193426
193428
193429
193432
193433
193436
193437
193440
193441
193442
193443
193444
193447
193448
193451
193452
193453
193454
193455
193463
193464
193467
193468
193470
193472
193475
193476
193478
193479
193480
193482
193483
193484
193485
193489
193490
193491
193492
193495
193497
193501
193503
193506
193512
193513
193515
193517
193518
193520
193523
193526
193527
193528
193531
193534
193536
193537
193538
193541
193542
193549
193550
193551
193556
193557
193563
193566
193567
193573
193577
193582
193583
193584
193585
193590
193593
193596
193598
193600
193602
193605
193607
193614
193616
193621
193624
193625
193626
193628
193632
193633
193634
193635
193648
193649
193652
193654
193657
193658
193659
193738
193742
193745
193748
193750
193751
193754
193766
193853
193854
193869
193870
193871
193872
193877
193878
193931
193970
193975
193982
193994
194002
194003
194012
194046
194049
194052
194061
194069
194070
194074
194078
194092
194103
194106
194127
194130
194134
194158
194160
194165
194168
194171
194178
194201
194202
194204
194206
194208
194213
194217
194223
194243
194255
194256
194266
194270
194273
194275
194281
194297
194303
194317
194320
194332
194340
194341
194349
194361
194371
194373
194374
194378
194393
194424
194425
194671
194681
194699
194703
194706
194708
194714
194903
194907
194911
194915
194916
194919
194925
194926
194927
194928
194930
194936
194939
194940
194941
194949
194951
194969
194972
194973
194974
194975
194977
194978
194980
195137
195138
195158
195161
195170
195178
195179
195184
195187
195194
195196
195307
195402
195572
195626
195629
195630
195631
195632
195635
196990
196991
196994
196995
196996
196997
196999
197000
197001
197002
197003
197005
197006
197008
197009
197010
197012
197013
197015
197021
197023
197025
197029
197031
197032
197033
197034
197035
197037
197118
197137
197145
197152
197153
197154
197160
197253
197254
197255
197256
197257
197258
197259
197403
197405
197406
197526
197530
197531
197533
197534
197535
197537
197538
197758
197759
197765
197766
197767
197769
197785
197786
197789
197836
197840
197843
197853
197854
197855
197859
197864
197866
197870
197871
197874
197877
197880
197881
197890
197891
197937
197968
197973
198064
198065
198066
198067
198068
198070
198074
198080
198083
198086
198088
198090
198096
198097
198098
198099
198101
198102
198107
198109
198162
198164
198165
198166
198167
198168
198169
198172
198173
198174
198175
198177
198179
198180
198181
198294
198295
198296
198298
198304
198306
198308
198310
198312
198356
198357
198361
198362
198372
198374
198376
198378
198382
198383
198384
198386
198390
198395
198396
198400
198402
198523
201076
201097
201098
201117
201118
201119
201122
201123
201124
201126
201127
201128
201136
201137
201138
201139
201142
201144
201147
201148
201149
201151
201152
201153
201157
201158
201159
201160
201161
201162
201163
201164
201166
201168
201169
201177
201179
201184
201188
201189
201190
201191
201192
201193
201195
201196
201198
201199
201200
201201
201203
201204
201205
201206
201210
201211
201212
201213
201216
201219
201220
201221
201223
201225
201228
201229
201230
201232
201234
201235
201237
201238
201239
201240
201243
201251
201252
201254
201256
201257
201258
201262
201263
201267
201269
201270
201271
201272
201274
201275
201278
201281
201285
201287
201288
201289
201291
201292
201293
201294
201295
201296
201297
201298
201299
201300
201302
201305
201306
201307
201309
201311
201312
201315
201316
201320
201321
201323
201324
201348
201401
201402
201403
201408
201409
201561
201562
201566
201568
201570
201571
201780
201784
201790
201791
201792
201794
201796
201801
201812
201813
201819
201820
201821
201822
201826
201829
201831
201832
201834
201838
201839
201840
201842
201843
201844
201845
201882
201901
201959
201961
201962
201963
201964
201965
201966
201969
201970
201971
201972
201975
201978
202147
202261
202262
202275
202281
202410
202411
202412
202414
202415
202417
202420
202424
202425
202426
202428
202431
202434
202436
202438
202440
202441
202443
202445
202446
202447
202449
202450
202452
202454
202455
202456
202457
202458
202459
202461
202462
202463
202464
202465
202466
202467
202469
202470
202471
202472
202474
202477
202478
202479
202480
202483
202484
202485
202486
202489
202491
202492
202493
202497
202498
202500
202501
202507
202513
202515
202516
202520
202524
202527
202528
202529
202530
202532
202533
202534
202536
202537
202542
202543
202544
202545
202547
202548
202549
202551
202553
202555
202557
202558
202561
202562
202564
202565
202566
202567
202570
202572
202573
202575
202578
202586
202588
202589
202590
202591
202592
202596
202600
202601
202603
202604
202607
202610
202613
202615
202616
202617
202618
202623
202624
202625
202627
202628
202629
202636
202641
202643
202675
202686
202687
204964
204965
204966
204967
204968
204970
204971
204972
204973
204975
204976
204977
204978
204980
204982
204983
204984
204986
204988
204993
204994
204995
204996
204999
205000
205001
205003
205004
205007
205008
205009
205013
205014
205015
205017
205018
205019
205022
205023
205024
205025
205026
205027
205028
205029
205031
205033
205034
205035
205036
205038
205039
205040
205041
205044
205047
205048
205049
205050
205052
205054
205057
205058
205059
205060
205061
205064
205066
205069
205070
205071
205072
205073
205074
205075
205076
205083
205084
205095
205098
205107
205108
205109
205110
205113
205114
205118
205122
205124
205220
205221
205223
205225
205227
205228
205230
205232
205233
205234
205235
205236
205239
205264
205265
205266
205267
205268
205269
205270
205271
205274
205276
205277
205278
205279
205283
205286
205287
205288
205292
205296
205298
205305
205306
205313
205315
205316
205317
205320
205321
205323
205326
205327
205332
205334
205336
205338
205339
205342
205343
205344
205346
205347
205348
205349
205350
205351
205352
205354
205355
205356
205357
205359
205364
205365
205367
205369
205370
205372
205374
205376
205378
205379
205380
205381
205382
205386
205389
205391
205392
205393
205394
205395
205396
205397
205398
205399
205400
205401
205404
205406
205409
205410
205411
205412
205417
205418
205419
205420
205421
205428
205434
205435
205436
205440
205442
205443
205464
205466
205467
205468
205469
205472
205480
205482
205483
205485
205486
205489
205492
205801
205802
205870
205925
205926
205928
205931
205933
205935
205936
205937
205938
205939
205941
205942
205945
205947
205948
205956
205957
205961
206068
206069
206070
206072
206076
206077
206078
206081
206083
206325
206328
206331
206332
206342
206343
206344
206345
206347
206349
206351
206354
206360
206719
207101
207102
207103
207104
207106
207333
207334
207335
207336
207337
207338
207863
207864
207870
207871
207874
207875
207876
207882
207883
207884
207885
207887
207888
207889
207890
207891
207898
207900
207902
207907
207908
207910
207912
207913
207916
207919
207920
207922
207925
207926
207927
207928
207929
207930
207936
208000
208001
208003
208005
208007
208008
208011
208039
208040
208041
208042
208218
208219
208221
208222
208223
208224
208225
208227
208248
208249
208252
208256
208261
208262
208274
208275
208280
208283
208284
208288
208290
208291
208293
208294
208295
208297
209000
209001
209008
209009
209010
209011
209015
209034
209035
209037
209039
209040
209042
209043
209044
209045
209046
209048
209050
209051
209052
209108
209111
209113
209116
209117
209120
209121
209123
209127
209130
209132
209133
209134
209137
209142
209144
209145
209148
209149
209155
209157
209158
209159
209160
209161
209163
209278
209280
209282
209287
209289
209399
209400
209401
209404
209407
209408
209712
209717
210133
210134
210135
210140
210143
210148
210149
210151
210152
210153
210226
210229
210232
210234
210235
210239
210508
210509
210513
210557
212240
212241
212243
212248
212249
212251
212576
212577
212583
212585
212588
212590
212591
212593
212596
212597
212598
212599
212600
212601
212602
212606
212607
212608
212610
212611
212613
212615
212617
212620
212624
212628
212630
212631
212632
212633
212634
212636
212638
212640
212653
212655
212703
212705
212707
212709
212710
212714
213612
213613
213615
213617
213618
213619
213621
213622
213626
213628
213629
213630
213728
213731
213732
213735
213738
213739
213740
213742
213743
213744
213750
213751
213752
213753
213754
213755
213757
213758
213759
213761
213764
213772
213773
213775
213776
213779
213781
213784
213785
213787
213788
213790
213791
213792
213795
213796
213797
213799
213800
213801
213802
213805
213806
213807
213808
213814
213815
213816
213817
213821
213822
214028
214029
214030
214034
214037
214038
214039
214040
214042
214043
214045
214048
214049
214050
214052
214053
214059
214060
214061
214062
214065
214066
214067
214068
214069
214070
214071
214072
214074
214076
214344
214345
214349
214350
214357
214359
214364
214375
214380
214381
214383
214390
214666
214668
214669
214670
214671
214672
214675
214678
214681
214682
214683
214824
214826
214828
215073
215074
215076
215079
215080
215089
215091
215092
215098
215099
215101
215103
215111
217967
217977
217979
217980
217982
217984
217987
217990
217995
217998
217999
218001
218002
218006
218010
218013
218021
218023
218028
218037
218040
218044
218051
218058
218061
218062
218066
218067
218070
218072
218073
218077
218078
218081
218082
218580
218581
218582
220073
220075
220077
220078
220082
220099
220100
220103
220106
220113
220125
220139
220143
220145
220147
220152
220153
220154
220157
220162
220170
220172
220176
220179
220182
220194
220195
220210
220220
220230
220232
220235
220241
220242
220244
220249
220268
220273
220294
220295
220296
220298
220300
220302
220304
220364
220366
220367
220368
220435
220452
220455
220459
220460
220461
220465
220466
220467
220468
220471
220472
220474
220475
220477
220480
220481
220485
220487
220489
220490
220491
220492
220493
220494
220495
220496
220499
220504
220506
220510
220511
220513
220514
220515
220517
220518
220520
220521
220522
220524
220527
220528
220529
220532
220536
220537
220538
220539
220544
220545
220546
220547
220548
220550
220551
220553
220555
220558
220559
220560
220562
220564
220565
220567
220568
220569
220570
220572
220573
220574
220576
220577
220578
220579
220582
220584
220588
220589
220947
220948
220951
220954
220956
220958
220963
220965
221101
221102
221103
221104
221107
221110
221111
221112
221199
221203
221295
221300
221305
221309
221310
221311
221312
221313
221484
221500
221510
221511
221513
221514
221516
221517
221518
221522
221523
221547
221550
221553
221557
221558
221560
221561
221563
221566
221567
221570
221571
221576
221891
221895
221896
221898
221915
221920
221987
222633
222635
222650
222706
222707
222708
222709
222710
222712
222713
222716
222717
222718
222720
222721
222724
222726
222730
222731
222733
222734
222743
222744
222746
222749
222750
222751
222753
222754
222759
222762
222764
222765
222767
222768
222770
222771
222772
222773
222776
222856
222857
222860
226558
226563
226582
226591
226712
226713
226714
226715
226900
226906
226984
227149
227150
227151
227227
227302
227507
227518
227519
227521
227528
227544
227547
227549
227552
228117
228118
228122
228228
228241
228242
228246
228253
228257
228262
228264
228265
228266
228268
228270
228796
228959
229988
230064
230065
230067
230070
230071
230074
230076
230078
230082
230083
230764
233038
233040
233041
233042
233043
233050
233052
233053
233055
233056
233058
233059
233063
233069
233073
233074
233078
233080
233081
233082
233084
233086
233183
233197
233218
233231
233235
233301
233302
233305
233306
233722
233728
234075
234428
234436
234560
234561
234699
234700
234701
234702
234703
234704
234705
234706
234709
234711
234713
234714
234715
234717
234722
234723
234737
234738
234739
234740
235188
235192
236449
236456
236461
236465
236466
236473
236479
236481
236485
236487
236497
236499
236501
236907
236995
236998
237004
237005
237006
237007
237010
237366
238136
238141
238145
238263
238328
238329
238330
238331
238570
238572
238574
240308
240315
241830
241831
241833
241854
241858
241859
241989
241995
242485
243422
243423
243425
243426
243428
243433
243438
243439
243440
243441
243442
243443
243444
243445
243447
243451
243452
243454
243455
243457
243458
243459
243460
243463
243464
243465
243468
243469
243470
243474
243475
243476
243477
243480
243481
243484
243485
243486
243487
243488
243490
243492
243495
243496
243497
243498
244245
244251
244252
244319
244320
244322
244325
244326
244327
244328
244332
244333
244720
244824
244825
244828
245185
247141
247142
247144
247146
247150
247152
247154
247159
247161
247165
247166
247167
247175
247177
247178
247179
247181
247182
247184
247185
247186
247188
247191
247192
247196
247197
247198
247200
247202
247204
247206
247207
247276
247277
247278
247279
247280
247281
247282
247283
247284
247286
247288
247290
247291
247292
247296
247297
247298
247300
247301
247305
247307
247310
247311
247312
247314
247315
247316
247318
247319
247320
247321
247323
247324
247325
247328
247329
247330
247331
247332
247335
247337
247339
247340
247343
247344
247347
247348
247356
247357
247360
247361
247362
247363
247364
247365
247366
247367
247370
247372
247373
247377
247378
247380
247381
247382
247383
247384
247387
247391
247392
247396
247397
247398
247400
247401
247402
247404
247408
247411
247413
247416
247513
247514
247515
247522
247524
247528
247533
247535
247537
247539
247540
247541
247542
247544
247546
247548
247550
247551
247552
249801
249802
249803
249805
249806
249807
249808
249809
249810
249811
249812
249813
249814
249818
249819
259016
